.Random.seed <-
c(403L, 10L, 444944798L, -810981288L, 182425019L, -800089255L, 
1474267368L, 464587030L, 1151949457L, 871012163L, -1700814254L, 
1667392740L, -250491097L, -368006275L, 1183452788L, 119148634L, 
747948197L, 278960831L, -694263482L, 2051381200L, 1096401395L, 
1019735313L, 843581760L, 1321425182L, -269804055L, 1826066203L, 
791370026L, 1233793612L, 310300175L, 278618437L, 467421948L, 
-559308462L, -27982131L, -538427769L, 1680869742L, 1230242632L, 
134494027L, 1251409577L, -1936677896L, 1927396134L, -1174918079L, 
-2142495277L, -1356836990L, -383073356L, 1100184375L, 2074974765L, 
1700846404L, -336711574L, 1859095253L, 1967314031L, 599674230L, 
-987212128L, 1939100515L, -872007679L, -346242192L, -1428935922L, 
-1756838535L, -13721333L, 1128555066L, -1075070660L, 66426495L, 
-36160043L, -297995284L, -956275390L, 1184283293L, -779200745L, 
-195627394L, -1643022792L, 1318097179L, 1739863673L, 1114059464L, 
452018934L, 1620036401L, 1029471075L, 2116604210L, -1235357052L, 
2117443271L, 1470031261L, -1967165164L, -1427431494L, 661412357L, 
-1228035105L, -469794202L, 677084656L, -722679021L, -1313712975L, 
-1597397152L, -1788025602L, 1244079241L, -502070341L, -525423222L, 
-1070748564L, -627145233L, 319938085L, -1439319332L, -1964412750L, 
2059125677L, 1508456295L, 1554613390L, 1733624168L, 674955627L, 
1510781705L, -1387158120L, -856615738L, 1683582497L, 142495411L, 
-53890014L, -1995723244L, -1811553641L, 1830141069L, -1196330588L, 
-1227498614L, 723400693L, 270857807L, -2046717610L, -228754432L, 
-529779389L, -2049623839L, 305320528L, 1467199150L, -1194034599L, 
1965589099L, 399697882L, -1231353700L, 194808479L, 1961076981L, 
-503189108L, -1661600670L, -996111299L, -597705033L, 60317022L, 
1668695192L, -658264069L, -942672487L, 1382942248L, -1317519658L, 
2024004433L, 1185185283L, -725982830L, 300105508L, 302821863L, 
1939611197L, 1125173428L, -376496358L, -58829723L, -1917084417L, 
1518996870L, 662881040L, 217061299L, 806124625L, -2130436096L, 
-988131106L, 1316612905L, -654977317L, -1786853910L, 657034636L, 
1768252111L, 1398529669L, 1885322556L, 2136408082L, 718876429L, 
15912007L, 794951214L, -2130081912L, 1871680139L, 160588905L, 
-611858376L, -825736986L, -26736511L, 935653395L, -557533246L, 
-590000012L, 296330871L, 1167112045L, 1504962564L, 435110698L, 
-2113292139L, -577280209L, 1512689206L, 1547754080L, 935307427L, 
785517505L, -1452357712L, 1170698958L, -1948594119L, 1367475787L, 
579144698L, 773469948L, -1498358977L, -442215403L, 1216663340L, 
-1747622910L, -1256470819L, -1745259049L, 1713193150L, 773944056L, 
298014939L, 730000185L, -1119101304L, 667666998L, -57998735L, 
-1771390813L, 2007749106L, -326319804L, -2029430265L, 1926031325L, 
868237524L, -1105731590L, -736798907L, 991335327L, -341935834L, 
819202480L, 1129693779L, 424684913L, 1199668384L, -1277273026L, 
1070502729L, -1801543173L, 797672906L, -640169172L, -1901272273L, 
-296068635L, -2092989284L, -465112846L, -1897838227L, 661825191L, 
674859214L, -397162968L, 1711001131L, -1055257824L, -1153020980L, 
-130734880L, -1881347390L, -1180245976L, 1576149932L, -1978711364L, 
1301188082L, 631393840L, 1212942244L, 2054604216L, -2143467686L, 
-1737906032L, 1518814076L, -1295582444L, 792117570L, 629560064L, 
1916172220L, -540196016L, 99003682L, -1688910264L, 1370490892L, 
1835300956L, 735134162L, -1314971136L, 487225684L, -221109016L, 
1274215674L, -1400766768L, -1360956116L, 1455896820L, -16474734L, 
-102559392L, 2099138572L, -1475369248L, 994036322L, 90212008L, 
2127967820L, 1222902652L, -993454798L, 519337584L, -1651217596L, 
-861228072L, 1564847994L, -610842064L, -163505220L, -510475692L, 
227664962L, -804642656L, -396907844L, -1040536112L, -1923942558L, 
1551985384L, -2032044852L, 1914502652L, -296818190L, -863713664L, 
-2075310604L, -424955256L, -1227157702L, 1495314256L, -467288980L, 
-1256573548L, -747252654L, 1091164640L, -1970066228L, -227731296L, 
890878338L, -1909946136L, 713231084L, -658475716L, 1831236722L, 
-726496144L, -972344284L, -2096234440L, 1407906586L, 1595286736L, 
-779533508L, -694677612L, -1178945662L, 1910005184L, 625316412L, 
240851344L, -349265374L, 1191771400L, -432070004L, -223074532L, 
-419374958L, 1469483392L, -1989793260L, 240186152L, 893763130L, 
1772913104L, -1131199124L, -373023820L, 1130253330L, -1274611232L, 
836123596L, -628623136L, 1784688674L, 2027957544L, -596750836L, 
-1085265092L, 582050802L, 1605734128L, -848752060L, 268275288L, 
520631098L, 269918704L, -1489551684L, -1885483756L, 900388546L, 
873273440L, -1855862916L, 1908927440L, -1609528030L, -1268115800L, 
705244044L, 1490918588L, 2021984050L, -2016929216L, -935141196L, 
-1612395960L, 457870778L, 1571791376L, -863758612L, 1125659988L, 
-1854720750L, -1040655968L, 1380890316L, 16207456L, -646054974L, 
-1496470744L, -787285076L, -961921220L, 1689525618L, 1915719472L, 
1554887972L, -1511881928L, 1991032538L, -1692669040L, -70001924L, 
1431028628L, -1365270462L, -1269464832L, 1179098172L, -1510550192L, 
1503096994L, 1707615560L, -1404056820L, -1724372260L, -2075356846L, 
2097105024L, 1956097108L, -1464024088L, 471227642L, -1704460464L, 
309327660L, -1581531788L, 93618066L, -933389216L, -796523124L, 
-317820064L, 1591236066L, 1593295784L, -414660404L, 1818334204L, 
2098020786L, 350580208L, -2125234236L, -1406072488L, 2104098170L, 
-759093328L, 437566908L, 542078036L, -1412294718L, -295368672L, 
753139900L, -1018464688L, 2084239330L, 1172625512L, 1851160652L, 
434267388L, 943794162L, -2143494912L, 1534985588L, 1960525832L, 
-1238817862L, -561527344L, -919715860L, 49464724L, -477593134L, 
-2084808352L, 1951636300L, -1520656096L, 1367476098L, 255688424L, 
1816619244L, 1665058876L, -1444040846L, -1114124688L, -772183004L, 
6840120L, 470772890L, -2126982448L, -33861444L, 1004973716L, 
1777020546L, 644948160L, 487794492L, -1372319600L, 757837346L, 
-781210616L, -49902324L, -1850266468L, -1496731118L, -1188695168L, 
-1628449260L, 688352808L, -554738374L, 757337552L, -375134100L, 
1287341364L, 908651154L, -162295968L, -862130356L, -728676384L, 
-843565877L, 962192700L, -1005702806L, 1176902559L, -1720551895L, 
-283002690L, -1585036884L, -2140569859L, 142158407L, -804992720L, 
1059893838L, 4881019L, -349140515L, -976068598L, -539057880L, 
-2056306799L, 580448643L, -814412156L, -1407865678L, -467235833L, 
-1588307887L, -683808810L, 1338091188L, -120277307L, -259061745L, 
-769542008L, -890238554L, -1912377005L, -1247133003L, 722614290L, 
1767340512L, 485100617L, -1021756805L, -1115094196L, -281524518L, 
-596837681L, 274639513L, -253335890L, 348664764L, 1667066925L, 
2105058263L, 819677728L, -1646589058L, -1285925557L, -856369331L, 
1208540538L, -1726570568L, -869702303L, -107710189L, 156365108L, 
-1865954494L, 1185467223L, 1456220833L, 864086886L, 621118820L, 
878383253L, -932306497L, 1482528088L, -680187018L, 952273283L, 
399698885L, 926707938L, -625474224L, 1482843257L, 1474131883L, 
284163356L, -1136518582L, -308003265L, -2023271799L, -287148386L, 
-519355572L, -71269603L, -1215212889L, 199416272L, -2075111058L, 
-887342053L, 1514083709L, 1672373098L, -1720764920L, 1882196657L, 
287241507L, -2100894172L, 2112433362L, 1435299111L, 1976534897L, 
978953654L, -615854764L, 1128737765L, 889697775L, 446733608L, 
1796648326L, -426006093L, 1377133845L, 212125554L, -969612352L, 
-2090982359L, -470077285L, -1976689300L, -1840544390L, -657201489L, 
393579961L, 1374621646L, -612221156L, -2132382067L, 2052656887L, 
1955086848L, 1404161118L, -864964821L, 413367341L, 1845259418L, 
-423550888L, -396326975L, 594446451L, 293020052L, 203730978L, 
263575351L, -57550335L, -189668602L, 1310699332L, -342719883L, 
-511233057L, 1298806584L, -849235690L, -708334301L, 857816805L, 
917341954L, 846245232L, 820260121L, -1648777973L, -1154054660L, 
72031786L, 1801406047L, -1504258583L, 682559230L, -184092948L, 
-858683843L, 958215687L, -1046996496L, -24835698L, -1861263429L, 
-284276323L, 306251594L, 1709882216L, 721010001L, -1441493437L, 
-2006076604L, -846589966L, -584544825L, 1304302481L, 1795984150L, 
